20
0.00 1.01 1.29 1.03 0.80 0.33 0.61 0.66 0.77 0.40 1.68 1.70 1.18 1.07 0.50 0.95 1.42 1.64 1.61 1.25
1.01 0.00 0.83 1.44 0.62 0.98 1.19 1.01 0.79 1.28 1.10 0.81 1.09 1.21 1.39 0.77 0.70 1.18 1.20 0.91
1.29 0.83 0.00 0.95 1.01 1.26 1.09 1.06 0.78 0.94 1.06 0.36 1.29 1.39 1.05 0.80 0.36 0.72 1.09 1.00
1.03 1.44 0.95 0.00 1.34 0.52 0.91 0.86 1.25 0.83 0.55 0.97 0.43 1.22 0.61 1.66 0.81 1.33 1.02 0.80
0.80 0.62 1.01 1.34 0.00 1.02 0.48 0.47 1.30 1.31 1.35 1.30 1.65 0.93 0.72 0.87 1.10 1.43 1.12 0.71
0.33 0.98 1.26 0.52 1.02 0.00 0.94 0.99 0.70 0.47 0.97 1.66 0.60 1.23 0.69 1.54 1.08 1.73 1.67 1.17
0.61 1.19 1.09 0.91 0.48 0.94 0.00 0.08 1.30 1.08 1.37 1.28 1.48 1.23 0.30 0.79 1.30 1.56 1.11 1.08
0.66 1.01 1.06 0.86 0.47 0.99 0.08 0.00 1.52 1.16 1.42 1.10 1.44 1.21 0.35 0.80 1.28 1.58 1.01 0.85
0.77 0.79 0.78 1.25 1.30 0.70 1.30 1.52 0.00 0.76 0.97 1.12 0.81 1.37 1.13 0.98 0.64 0.85 1.34 1.45
0.40 1.28 0.94 0.83 1.31 0.47 1.08 1.16 0.76 0.00 1.39 1.38 1.04 0.97 1.00 0.95 1.33 1.26 1.76 1.58
1.68 1.10 1.06 0.55 1.35 0.97 1.37 1.42 0.97 1.39 0.00 0.80 0.32 1.15 1.30 1.59 0.63 0.80 0.73 0.90
1.70 0.81 0.36 0.97 1.30 1.66 1.28 1.10 1.12 1.38 0.80 0.00 0.93 1.07 1.34 0.69 0.38 0.45 0.50 0.78
1.18 1.09 1.29 0.43 1.65 0.60 1.48 1.44 0.81 1.04 0.32 0.93 0.00 0.99 1.18 1.54 0.68 1.02 0.84 0.94
1.07 1.21 1.39 1.22 0.93 1.23 1.23 1.21 1.37 0.97 1.15 1.07 0.99 0.00 1.32 0.72 1.17 0.88 0.75 0.96
0.50 1.39 1.05 0.61 0.72 0.69 0.30 0.35 1.13 1.00 1.30 1.34 1.18 1.32 0.00 1.30 1.13 1.39 0.95 0.66
0.95 0.77 0.80 1.66 0.87 1.54 0.79 0.80 0.98 0.95 1.59 0.69 1.54 0.72 1.30 0.00 1.07 0.86 1.03 1.45
1.42 0.70 0.36 0.81 1.10 1.08 1.30 1.28 0.64 1.33 0.63 0.38 0.68 1.17 1.13 1.07 0.00 0.80 0.78 0.78
1.64 1.18 0.72 1.33 1.43 1.73 1.56 1.58 0.85 1.26 0.80 0.45 1.02 0.88 1.39 0.86 0.80 0.00 0.41 0.86
1.61 1.20 1.09 1.02 1.12 1.67 1.11 1.01 1.34 1.76 0.73 0.50 0.84 0.75 0.95 1.03 0.78 0.41 0.00 0.37
1.25 0.91 1.00 0.80 0.71 1.17 1.08 0.85 1.45 1.58 0.90 0.78 0.94 0.96 0.66 1.45 0.78 0.86 0.37 0.00